20130215,67.65,68.44,67.87,66.92,66.83,66.43
20130219,68.44,67.87,66.92,66.83,66.43,65.47
20130220,67.87,66.92,66.83,66.43,65.47,64.75
20130221,66.92,66.83,66.43,65.47,64.75,63.71
20130222,66.83,66.43,65.47,64.75,63.71,64.16
20130225,66.43,65.47,64.75,63.71,64.16,64.12
20130226,65.47,64.75,63.71,64.16,64.12,63.51
20130227,64.75,63.71,64.16,64.12,63.51,63.79
20130228,63.71,64.16,64.12,63.51,63.79,63.52
20130301,64.16,64.12,63.51,63.79,63.52,62.01
20130304,64.12,63.51,63.79,63.52,62.01,60.51
20130305,63.51,63.79,63.52,62.01,60.51,61.14
20130306,63.79,63.52,62.01,60.51,61.14,61.41
20130307,63.52,62.01,60.51,61.14,61.41,60.93
20130308,62.01,60.51,61.14,61.41,60.93,61.72
20130311,60.51,61.14,61.41,60.93,61.72,61.72
20130312,61.14,61.41,60.93,61.72,61.72,61.89
20130313,61.41,60.93,61.72,61.72,61.89,61.42
20130314,60.93,61.72,61.72,61.89,61.42,61.79
20130315,61.72,61.72,61.89,61.42,61.79,62.96
20130318,61.72,61.89,61.42,61.79,62.96,64.19
20130319,61.89,61.42,61.79,62.96,64.19,64.96
20130320,61.42,61.79,62.96,64.19,64.96,64.80
20130321,61.79,62.96,64.19,64.96,64.80,64.86
20130322,62.96,64.19,64.96,64.80,64.86,65.37
20130325,64.19,64.96,64.80,64.86,65.37,66.55
20130326,64.96,64.80,64.86,65.37,66.55,66.17
20130327,64.80,64.86,65.37,66.55,66.17,64.82
20130328,64.86,65.37,66.55,66.17,64.82,63.82
20130401,65.37,66.55,66.17,64.82,63.82,62.25
20130402,66.55,66.17,64.82,63.82,62.25,61.75
20130403,66.17,64.82,63.82,62.25,61.75,61.97
20130404,64.82,63.82,62.25,61.75,61.97,61.45
20130405,63.82,62.25,61.75,61.97,61.45,60.33
20130408,62.25,61.75,61.97,61.45,60.33,60.71
20130409,61.75,61.97,61.45,60.33,60.71,60.80
20130410,61.97,61.45,60.33,60.71,60.80,61.65
20130411,61.45,60.33,60.71,60.80,61.65,62.08
20130412,60.33,60.71,60.80,61.65,62.08,61.66
20130415,60.71,60.80,61.65,62.08,61.66,60.53
20130416,60.80,61.65,62.08,61.66,60.53,60.51
20130417,61.65,62.08,61.66,60.53,60.51,58.48
20130418,62.08,61.66,60.53,60.51,58.48,56.82
20130419,61.66,60.53,60.51,58.48,56.82,56.05
20130422,60.53,60.51,58.48,56.82,56.05,56.68
20130423,60.51,58.48,56.82,56.05,56.68,57.66
20130424,58.48,56.82,56.05,56.68,57.66,57.70
20130425,56.82,56.05,56.68,57.66,57.70,58.64
20130426,56.05,56.68,57.66,57.70,58.64,59.07
20130429,56.68,57.66,57.70,58.64,59.07,60.97
20130430,57.66,57.70,58.64,59.07,60.97,62.67
20130501,57.70,58.64,59.07,60.97,62.67,62.81
20130502,58.64,59.07,60.97,62.67,62.81,63.52
20130503,59.07,60.97,62.67,62.81,63.52,64.46
20130506,60.97,62.67,62.81,63.52,64.46,65.46
20130507,62.67,62.81,63.52,64.46,65.46,65.67
20130508,62.81,63.52,64.46,65.46,65.67,65.80
20130509,63.52,64.46,65.46,65.67,65.80,65.61
20130510,64.46,65.46,65.67,65.80,65.61,65.01
20130513,65.46,65.67,65.80,65.61,65.01,64.96
20130514,65.67,65.80,65.61,65.01,64.96,64.10
20130515,65.80,65.61,65.01,64.96,64.10,61.67
20130516,65.61,65.01,64.96,64.10,61.67,61.20
20130517,65.01,64.96,64.10,61.67,61.20,62.22
20130520,64.96,64.10,61.67,61.20,62.22,62.56
20130521,64.10,61.67,61.20,62.22,62.56,62.83
20130522,61.67,61.20,62.22,62.56,62.83,63.33
20130523,61.20,62.22,62.56,62.83,63.33,63.00
20130524,62.22,62.56,62.83,63.33,63.00,63.29
20130528,62.56,62.83,63.33,63.00,63.29,63.71
20130529,62.83,63.33,63.00,63.29,63.71,63.35
20130530,63.33,63.00,63.29,63.71,63.35,64.21
20130531,63.00,63.29,63.71,63.35,64.21,64.76
20130603,63.29,63.71,63.35,64.21,64.76,63.92
20130604,63.71,63.35,64.21,64.76,63.92,64.42
20130605,63.35,64.21,64.76,63.92,64.42,63.89
20130606,64.21,64.76,63.92,64.42,63.89,62.93
20130607,64.76,63.92,64.42,63.89,62.93,62.57
20130610,63.92,64.42,63.89,62.93,62.57,63.28
20130611,64.42,63.89,62.93,62.57,63.28,62.58
20130612,63.89,62.93,62.57,63.28,62.58,62.34
20130613,62.93,62.57,63.28,62.58,62.34,61.85
20130614,62.57,63.28,62.58,62.34,61.85,61.77
20130617,63.28,62.58,62.34,61.85,61.77,61.86
20130618,62.58,62.34,61.85,61.77,61.86,61.79
20130619,62.34,61.85,61.77,61.86,61.79,61.05
20130620,61.85,61.77,61.86,61.79,61.05,60.08
20130621,61.77,61.86,61.79,61.05,60.08,59.15
20130624,61.86,61.79,61.05,60.08,59.15,57.62
20130625,61.79,61.05,60.08,59.15,57.62,57.62
20130626,61.05,60.08,59.15,57.62,57.62,57.17
20130627,60.08,59.15,57.62,57.62,57.17,56.78
20130628,59.15,57.62,57.62,57.17,56.78,56.37
20130701,57.62,57.62,57.17,56.78,56.37,58.11
20130702,57.62,57.17,56.78,56.37,58.11,59.36
20130703,57.17,56.78,56.37,58.11,59.36,60.03
20130705,56.78,56.37,58.11,59.36,60.03,59.90
20130708,56.37,58.11,59.36,60.03,59.90,59.40
20130709,58.11,59.36,60.03,59.90,59.40,59.56
20130710,59.36,60.03,59.90,59.40,59.56,60.22
20130711,60.03,59.90,59.40,59.56,60.22,60.67
20130712,59.90,59.40,59.56,60.22,60.67,60.94
20130715,59.40,59.56,60.22,60.67,60.94,61.16
20130716,59.56,60.22,60.67,60.94,61.16,61.06
20130717,60.22,60.67,60.94,61.16,61.06,61.46
20130718,60.67,60.94,61.16,61.06,61.46,61.82
20130719,60.94,61.16,61.06,61.46,61.82,61.31
20130722,61.16,61.06,61.46,61.82,61.31,61.09
20130723,61.06,61.46,61.82,61.31,61.09,60.40
20130724,61.46,61.82,61.31,61.09,60.40,62.85
20130725,61.82,61.31,61.09,60.40,62.85,62.66
20130726,61.31,61.09,60.40,62.85,62.66,62.53
20130729,61.09,60.40,62.85,62.66,62.53,63.58
20130730,60.40,62.85,62.66,62.53,63.58,64.74
20130731,62.85,62.66,62.53,63.58,64.74,64.77
20130801,62.66,62.53,63.58,64.74,64.77,65.00
20130802,62.53,63.58,64.74,64.77,65.00,65.68
20130805,63.58,64.74,64.77,65.00,65.68,66.63
20130806,64.74,64.77,65.00,65.68,66.63,66.72
20130807,64.77,65.00,65.68,66.63,66.72,66.34
20130808,65.00,65.68,66.63,66.72,66.34,65.86
20130809,65.68,66.63,66.72,66.34,65.86,65.29
20130812,66.63,66.72,66.34,65.86,65.29,66.09
20130813,66.72,66.34,65.86,65.29,66.09,68.76
20130814,66.34,65.86,65.29,66.09,68.76,71.26
20130815,65.86,65.29,66.09,68.76,71.26,70.82
20130816,65.29,66.09,68.76,71.26,70.82,71.56
20130819,66.09,68.76,71.26,70.82,71.56,72.70
20130820,68.76,71.26,70.82,71.56,72.70,72.24
20130821,71.26,70.82,71.56,72.70,72.24,72.02
20130822,70.82,71.56,72.70,72.24,72.02,71.70
20130823,71.56,72.70,72.24,72.02,71.70,71.62
20130826,72.70,72.24,72.02,71.70,71.62,72.19
20130827,72.24,72.02,71.70,71.62,72.19,70.63
20130828,72.02,71.70,71.62,72.19,70.63,70.13
20130829,71.70,71.62,72.19,70.63,70.13,70.54
20130830,71.62,72.19,70.63,70.13,70.54,69.96
20130903,72.19,70.63,70.13,70.54,69.96,70.57
20130904,70.63,70.13,70.54,69.96,70.57,71.32
20130905,70.13,70.54,69.96,70.57,71.32,71.02
20130906,70.54,69.96,70.57,71.32,71.02,70.67
20130909,69.96,70.57,71.32,71.02,70.67,72.24
20130910,70.57,71.32,71.02,70.67,72.24,71.21
20130911,71.32,71.02,70.67,72.24,71.21,67.04
20130912,71.02,70.67,72.24,71.21,67.04,67.24
20130913,70.67,72.24,71.21,67.04,67.24,66.89
20130916,72.24,71.21,67.04,67.24,66.89,64.92
20130917,71.21,67.04,67.24,66.89,64.92,64.80
20130918,67.04,67.24,66.89,64.92,64.80,66.21
20130919,67.24,66.89,64.92,64.80,66.21,67.51
20130920,66.89,64.92,64.80,66.21,67.51,67.47
20130923,64.92,64.80,66.21,67.51,67.47,69.96
20130924,64.80,66.21,67.51,67.47,69.96,70.23
20130925,66.21,67.51,67.47,69.96,70.23,69.36
20130926,67.51,67.47,69.96,70.23,69.36,69.46
20130927,67.47,69.96,70.23,69.36,69.46,68.96
20130930,69.96,70.23,69.36,69.46,68.96,68.29
20131001,70.23,69.36,69.46,68.96,68.29,69.11
20131002,69.36,69.46,68.96,68.29,69.11,69.68
20131003,69.46,68.96,68.29,69.11,69.68,69.51
20131004,68.96,68.29,69.11,69.68,69.51,68.80
20131007,68.29,69.11,69.68,69.51,68.80,69.86
20131008,69.11,69.68,69.51,68.80,69.86,69.37
20131009,69.68,69.51,68.80,69.86,69.37,69.00
20131010,69.51,68.80,69.86,69.37,69.00,69.96
20131011,68.80,69.86,69.37,69.00,69.96,69.93
20131014,69.86,69.37,69.00,69.96,69.93,70.49
20131015,69.37,69.00,69.96,69.93,70.49,71.25
20131016,69.00,69.96,69.93,70.49,71.25,71.55
20131017,69.96,69.93,70.49,71.25,71.55,71.75
20131018,69.93,70.49,71.25,71.55,71.75,72.50
20131021,70.49,71.25,71.55,71.75,72.50,73.99
20131022,71.25,71.55,71.75,72.50,73.99,74.03
20131023,71.55,71.75,72.50,73.99,74.03,74.62
20131024,71.75,72.50,73.99,74.03,74.62,75.35
20131025,72.50,73.99,74.03,74.62,75.35,75.60
20131028,73.99,74.03,74.62,75.35,75.60,75.30
20131029,74.03,74.62,75.35,75.60,75.30,75.27
20131030,74.62,75.35,75.60,75.30,75.27,74.61
20131031,75.35,75.60,75.30,75.27,74.61,74.91
20131101,75.60,75.30,75.27,74.61,74.91,74.33
20131104,75.30,75.27,74.61,74.91,74.33,74.69
20131105,75.27,74.61,74.91,74.33,74.69,75.13
20131106,74.61,74.91,74.33,74.69,75.13,74.50
20131107,74.91,74.33,74.69,75.13,74.50,73.97
20131108,74.33,74.69,75.13,74.50,73.97,73.84
20131111,74.69,75.13,74.50,73.97,73.84,74.01
20131112,75.13,74.50,73.97,73.84,74.01,74.35
20131113,74.50,73.97,73.84,74.01,74.35,74.23
20131114,73.97,73.84,74.01,74.35,74.23,75.08
20131115,73.84,74.01,74.35,74.23,75.08,75.26
20131118,74.01,74.35,74.23,75.08,75.26,74.67
20131119,74.35,74.23,75.08,75.26,74.67,74.38
20131120,74.23,75.08,75.26,74.67,74.38,73.91
20131121,75.08,75.26,74.67,74.38,73.91,73.92
20131122,75.26,74.67,74.38,73.91,73.92,74.33
20131125,74.67,74.38,73.91,73.92,74.33,74.78
20131126,74.38,73.91,73.92,74.33,74.78,75.72
20131127,73.91,73.92,74.33,74.78,75.72,77.10
20131129,73.92,74.33,74.78,75.72,77.10,79.01
20131202,74.33,74.78,75.72,77.10,79.01,79.65
20131203,74.78,75.72,77.10,79.01,79.65,80.29
20131204,75.72,77.10,79.01,79.65,80.29,80.71
20131205,77.10,79.01,79.65,80.29,80.71,81.54
20131206,79.01,79.65,80.29,80.71,81.54,80.45
20131209,79.65,80.29,80.71,81.54,80.45,80.75
20131210,80.29,80.71,81.54,80.45,80.75,80.65
20131211,80.71,81.54,80.45,80.75,80.65,80.76
20131212,81.54,80.45,80.75,80.65,80.76,80.38
20131213,80.45,80.75,80.65,80.76,80.38,79.75
20131216,80.75,80.65,80.76,80.38,79.75,79.83
20131217,80.65,80.76,80.38,79.75,79.83,79.49
20131218,80.76,80.38,79.75,79.83,79.49,77.87
20131219,80.38,79.75,79.83,79.49,77.87,78.12
20131220,79.75,79.83,79.49,77.87,78.12,78.32
20131223,79.83,79.49,77.87,78.12,78.32,80.96
20131224,79.49,77.87,78.12,78.32,80.96,81.28
20131226,77.87,78.12,78.32,80.96,81.28,80.92
20131227,78.12,78.32,80.96,81.28,80.92,80.28
20131230,78.32,80.96,81.28,80.92,80.28,79.46
20131231,80.96,81.28,80.92,80.28,79.46,79.66
20140102,81.28,80.92,80.28,79.46,79.66,79.22
20140103,80.92,80.28,79.46,79.66,79.22,78.15
20140106,80.28,79.46,79.66,79.22,78.15,77.17
20140107,79.46,79.66,79.22,78.15,77.17,77.42
20140108,79.66,79.22,78.15,77.17,77.42,77.45
20140109,79.22,78.15,77.17,77.42,77.45,77.30
20140110,78.15,77.17,77.42,77.45,77.30,76.56
20140113,77.17,77.42,77.45,77.30,76.56,76.60
20140114,77.42,77.45,77.30,76.56,76.60,77.46
20140115,77.45,77.30,76.56,76.60,77.46,79.42
20140116,77.30,76.56,76.60,77.46,79.42,79.18
20140117,76.56,76.60,77.46,79.42,79.18,78.00
20140121,76.60,77.46,79.42,79.18,78.00,77.89
20140122,77.46,79.42,79.18,78.00,77.89,78.94
20140123,79.42,79.18,78.00,77.89,78.94,78.66
20140124,79.18,78.00,77.89,78.94,78.66,78.60
20140127,78.00,77.89,78.94,78.66,78.60,78.61
20140128,77.89,78.94,78.66,78.60,78.61,72.65
20140129,78.94,78.66,78.60,78.61,72.65,71.86
20140130,78.66,78.60,78.61,72.65,71.86,71.66
20140131,78.60,78.61,72.65,71.86,71.66,71.08
20140203,78.61,72.65,71.86,71.66,71.08,71.93
20140204,72.65,71.86,71.66,71.08,71.93,72.30
20140205,71.86,71.66,71.08,71.93,72.30,72.97
20140206,71.66,71.08,71.93,72.30,72.97,72.95
20140207,71.08,71.93,72.30,72.97,72.95,74.31
20140210,71.93,72.30,72.97,72.95,74.31,75.00
20140211,72.30,72.97,72.95,74.31,75.00,76.23
20140212,72.97,72.95,74.31,75.00,76.23,76.63
20140213,72.95,74.31,75.00,76.23,76.63,77.07
20140214,74.31,75.00,76.23,76.63,77.07,77.66
20140218,75.00,76.23,76.63,77.07,77.66,78.34
20140219,76.23,76.63,77.07,77.66,78.34,77.23
20140220,76.63,77.07,77.66,78.34,77.23,76.14
20140221,77.07,77.66,78.34,77.23,76.14,75.65
20140224,77.66,78.34,77.23,76.14,75.65,75.17
20140225,78.34,77.23,76.14,75.65,75.17,75.04
20140226,77.23,76.14,75.65,75.17,75.04,74.33
20140227,76.14,75.65,75.17,75.04,74.33,74.63
20140228,75.65,75.17,75.04,74.33,74.63,75.35
20140303,75.17,75.04,74.33,74.63,75.35,75.25
20140304,75.04,74.33,74.63,75.35,75.25,75.74
20140305,74.33,74.63,75.35,75.25,75.74,75.99
20140306,74.63,75.35,75.25,75.74,75.99,75.90
20140307,75.35,75.25,75.74,75.99,75.90,75.57
20140310,75.25,75.74,75.99,75.90,75.57,75.83
20140311,75.74,75.99,75.90,75.57,75.83,76.52
20140312,75.99,75.90,75.57,75.83,76.52,76.38
20140313,75.90,75.57,75.83,76.52,76.38,76.34
20140314,75.57,75.83,76.52,76.38,76.34,75.28
20140317,75.83,76.52,76.38,76.34,75.28,75.42
20140318,76.52,76.38,76.34,75.28,75.42,75.51
20140319,76.38,76.34,75.28,75.42,75.51,76.09
20140320,76.34,75.28,75.42,75.51,76.09,75.72
20140321,75.28,75.42,75.51,76.09,75.72,75.72
20140324,75.42,75.51,76.09,75.72,75.72,76.83
20140325,75.51,76.09,75.72,75.72,76.83,77.52
20140326,76.09,75.72,75.72,76.83,77.52,77.70
20140327,75.72,75.72,76.83,77.52,77.70,76.90
20140328,75.72,76.83,77.52,77.70,76.90,76.66
20140331,76.83,77.52,77.70,76.90,76.66,76.91
20140401,77.52,77.70,76.90,76.66,76.91,77.05
20140402,77.70,76.90,76.66,76.91,77.05,77.41
20140403,76.90,76.66,76.91,77.05,77.41,77.15
20140404,76.66,76.91,77.05,77.41,77.15,76.47
20140407,76.91,77.05,77.41,77.15,76.47,75.20
20140408,77.05,77.41,77.15,76.47,75.20,74.63
20140409,77.41,77.15,76.47,75.20,74.63,75.18
20140410,77.15,76.47,75.20,74.63,75.18,75.39
20140411,76.47,75.20,74.63,75.18,75.39,74.28
20140414,75.20,74.63,75.18,75.39,74.28,74.24
20140415,74.63,75.18,75.39,74.28,74.24,73.78
20140416,75.18,75.39,74.28,74.24,73.78,73.94
20140417,75.39,74.28,74.24,73.78,73.94,74.78
20140421,74.28,74.24,73.78,73.94,74.78,75.44
20140422,74.24,73.78,73.94,74.78,75.44,75.59
20140423,73.78,73.94,74.78,75.44,75.59,75.40
20140424,73.94,74.78,75.44,75.59,75.40,80.77
20140425,74.78,75.44,75.59,75.40,80.77,81.14
20140428,75.44,75.59,75.40,80.77,81.14,83.45
20140429,75.59,75.40,80.77,81.14,83.45,84.68
20140430,75.40,80.77,81.14,83.45,84.68,84.94
20140501,80.77,81.14,83.45,84.68,84.94,84.37
20140502,81.14,83.45,84.68,84.94,84.37,84.56
20140505,83.45,84.68,84.94,84.37,84.56,85.07
20140506,84.68,84.94,84.37,84.56,85.07,85.63
20140507,84.94,84.37,84.56,85.07,85.63,84.64
20140508,84.37,84.56,85.07,85.63,84.64,84.34
20140509,84.56,85.07,85.63,84.64,84.34,83.33
20140512,85.07,85.63,84.64,84.34,83.33,84.36
20140513,85.63,84.64,84.34,83.33,84.36,84.66
20140514,84.64,84.34,83.33,84.36,84.66,84.94
20140515,84.34,83.33,84.36,84.66,84.94,84.62
20140516,83.33,84.36,84.66,84.94,84.62,84.49
20140519,84.36,84.66,84.94,84.62,84.49,86.05
20140520,84.66,84.94,84.62,84.49,86.05,86.22
20140521,84.94,84.62,84.49,86.05,86.22,86.34
20140522,84.62,84.49,86.05,86.22,86.34,86.71
20140523,84.49,86.05,86.22,86.34,86.71,87.23
20140527,86.05,86.22,86.34,86.71,87.23,88.68
20140528,86.22,86.34,86.71,87.23,88.68,89.54
20140529,86.34,86.71,87.23,88.68,89.54,90.33
20140530,86.71,87.23,88.68,89.54,90.33,90.93
20140602,87.23,88.68,89.54,90.33,90.93,89.81
20140603,88.68,89.54,90.33,90.93,89.81,90.50
20140604,89.54,90.33,90.93,89.81,90.50,91.71
20140605,90.33,90.93,89.81,90.50,91.71,92.28
20140606,90.93,89.81,90.50,91.71,92.28,92.55
20140609,89.81,90.50,91.71,92.28,92.55,92.81
20140610,90.50,91.71,92.28,92.55,92.81,94.31
20140611,91.71,92.28,92.55,92.81,94.31,94.12
20140612,92.28,92.55,92.81,94.31,94.12,93.01
20140613,92.55,92.81,94.31,94.12,93.01,91.66
20140616,92.81,94.31,94.12,93.01,91.66,92.10
20140617,94.31,94.12,93.01,91.66,92.10,92.25
20140618,94.12,93.01,91.66,92.10,92.25,91.82
20140619,93.01,91.66,92.10,92.25,91.82,91.82
20140620,91.66,92.10,92.25,91.82,91.82,91.72
20140623,92.10,92.25,91.82,91.82,91.72,91.11
20140624,92.25,91.82,91.82,91.72,91.11,90.97
20140625,91.82,91.82,91.72,91.11,90.97,90.18
20140626,91.82,91.72,91.11,90.97,90.18,90.42
20140627,91.72,91.11,90.97,90.18,90.42,91.38
20140630,91.11,90.97,90.18,90.42,91.38,92.91
20140701,90.97,90.18,90.42,91.38,92.91,93.60
20140702,90.18,90.42,91.38,92.91,93.60,93.58
20140703,90.42,91.38,92.91,93.60,93.58,93.65
20140707,91.38,92.91,93.60,93.58,93.65,95.04
20140708,92.91,93.60,93.58,93.65,95.04,95.36
20140709,93.60,93.58,93.65,95.04,95.36,95.36
20140710,93.58,93.65,95.04,95.36,95.36,94.53
20140711,93.65,95.04,95.36,95.36,94.53,95.38
20140714,95.04,95.36,95.36,94.53,95.38,96.27
20140715,95.36,95.36,94.53,95.38,96.27,95.94
20140716,95.36,94.53,95.38,96.27,95.94,95.92
20140717,94.53,95.38,96.27,95.94,95.92,93.92
20140718,95.38,96.27,95.94,95.92,93.92,93.88
20140721,96.27,95.94,95.92,93.92,93.88,94.36
20140722,95.94,95.92,93.92,93.88,94.36,94.50
20140723,95.92,93.92,93.88,94.36,94.50,96.53
20140724,93.92,93.88,94.36,94.50,96.53,96.87
20140725,93.88,94.36,94.50,96.53,96.87,97.24
20140728,94.36,94.50,96.53,96.87,97.24,98.39
20140729,94.50,96.53,96.87,97.24,98.39,98.84
20140730,96.53,96.87,97.24,98.39,98.84,98.19
20140731,96.87,97.24,98.39,98.84,98.19,96.39
20140801,97.24,98.39,98.84,98.19,96.39,95.72
20140804,98.39,98.84,98.19,96.39,95.72,95.88
20140805,98.84,98.19,96.39,95.72,95.88,95.02
20140806,98.19,96.39,95.72,95.88,95.02,95.09
20140807,96.39,95.72,95.88,95.02,95.09,95.03
20140808,95.72,95.88,95.02,95.09,95.03,94.05
20140811,95.88,95.02,95.09,95.03,94.05,95.46
20140812,95.02,95.09,95.03,94.05,95.46,96.25
20140813,95.09,95.03,94.05,95.46,96.25,96.64
20140814,95.03,94.05,95.46,96.25,96.64,97.19
20140815,94.05,95.46,96.25,96.64,97.19,97.53
20140818,95.46,96.25,96.64,97.19,97.53,98.68
20140819,96.25,96.64,97.19,97.53,98.68,100.00
20140820,96.64,97.19,97.53,98.68,100.00,100.52
20140821,97.19,97.53,98.68,100.00,100.52,100.53
20140822,97.53,98.68,100.00,100.52,100.53,100.83
20140825,98.68,100.00,100.52,100.53,100.83,101.72
20140826,100.00,100.52,100.53,100.83,101.72,101.18
20140827,100.52,100.53,100.83,101.72,101.18,101.63
20140828,100.53,100.83,101.72,101.18,101.63,102.17
20140829,100.83,101.72,101.18,101.63,102.17,102.55
20140902,101.72,101.18,101.63,102.17,102.55,103.23
20140903,101.18,101.63,102.17,102.55,103.23,100.89
20140904,101.63,102.17,102.55,103.23,100.89,98.94
20140905,102.17,102.55,103.23,100.89,98.94,98.85
20140908,102.55,103.23,100.89,98.94,98.85,98.68
20140909,103.23,100.89,98.94,98.85,98.68,99.61
20140910,100.89,98.94,98.85,98.68,99.61,99.44
20140911,98.94,98.85,98.68,99.61,99.44,100.53
20140912,98.85,98.68,99.61,99.44,100.53,101.63
20140915,98.68,99.61,99.44,100.53,101.63,102.25
20140916,99.61,99.44,100.53,101.63,102.25,100.08
20140917,99.44,100.53,101.63,102.25,100.08,101.20
20140918,100.53,101.63,102.25,100.08,101.20,101.95
20140919,101.63,102.25,100.08,101.20,101.95,101.61
20140922,102.25,100.08,101.20,101.95,101.61,101.36
20140923,100.08,101.20,101.95,101.61,101.36,101.74
20140924,101.20,101.95,101.61,101.36,101.74,102.03
20140925,101.95,101.61,101.36,101.74,102.03,99.22
20140926,101.61,101.36,101.74,102.03,99.22,99.58
20140929,101.36,101.74,102.03,99.22,99.58,99.53
20140930,101.74,102.03,99.22,99.58,99.53,101.03
20141001,102.03,99.22,99.58,99.53,101.03,99.69
20141002,99.22,99.58,99.53,101.03,99.69,99.13
20141003,99.58,99.53,101.03,99.69,99.13,99.62
20141006,99.53,101.03,99.69,99.13,99.62,100.03
20141007,101.03,99.69,99.13,99.62,100.03,99.43
20141008,99.69,99.13,99.62,100.03,99.43,99.71
20141009,99.13,99.62,100.03,99.43,99.71,101.50
20141010,99.62,100.03,99.43,99.71,101.50,101.16
20141013,100.03,99.43,99.71,101.50,101.16,100.80
20141014,99.43,99.71,101.50,101.16,100.80,99.54
20141015,99.71,101.50,101.16,100.80,99.54,97.17
20141016,101.50,101.16,100.80,99.54,97.17,96.56
20141017,101.16,100.80,99.54,97.17,96.56,97.91
20141020,100.80,99.54,97.17,96.56,97.91,99.09
20141021,99.54,97.17,96.56,97.91,99.09,102.14
20141022,97.17,96.56,97.91,99.09,102.14,103.35
20141023,96.56,97.91,99.09,102.14,103.35,104.34
20141024,97.91,99.09,102.14,103.35,104.34,105.01
20141027,99.09,102.14,103.35,104.34,105.01,105.09
20141028,102.14,103.35,104.34,105.01,105.09,106.04
20141029,103.35,104.34,105.01,105.09,106.04,106.87
20141030,104.34,105.01,105.09,106.04,106.87,106.62
20141031,105.01,105.09,106.04,106.87,106.62,107.62
20141103,105.09,106.04,106.87,106.62,107.62,109.16
20141104,106.04,106.87,106.62,107.62,109.16,108.60
20141105,106.87,106.62,107.62,109.16,108.60,108.71
20141106,106.62,107.62,109.16,108.60,108.71,108.30
20141107,107.62,109.16,108.60,108.71,108.30,108.94
20141110,109.16,108.60,108.71,108.30,108.94,109.00
20141111,108.60,108.71,108.30,108.94,109.00,109.08
20141112,108.71,108.30,108.94,109.00,109.08,110.40
20141113,108.30,108.94,109.00,109.08,110.40,112.53
20141114,108.94,109.00,109.08,110.40,112.53,113.62
20141117,109.00,109.08,110.40,112.53,113.62,115.29
20141118,109.08,110.40,112.53,113.62,115.29,114.79
20141119,110.40,112.53,113.62,115.29,114.79,114.77
20141120,112.53,113.62,115.29,114.79,114.77,115.85
20141121,113.62,115.29,114.79,114.77,115.85,116.80
20141124,115.29,114.79,114.77,115.85,116.80,117.69
20141125,114.79,114.77,115.85,116.80,117.69,118.60
20141126,114.77,115.85,116.80,117.69,118.60,118.47
20141128,115.85,116.80,117.69,118.60,118.47,118.72
20141201,116.80,117.69,118.60,118.47,118.72,115.26
20141202,117.69,118.60,118.47,118.72,115.26,114.25
20141203,118.60,118.47,118.72,115.26,114.25,115.73
20141204,118.47,118.72,115.26,114.25,115.73,116.25
20141205,118.72,115.26,114.25,115.73,116.25,115.36
20141208,115.26,114.25,115.73,116.25,115.36,113.13
20141209,114.25,115.73,116.25,115.36,113.13,111.82
20141210,115.73,116.25,115.36,113.13,111.82,113.19
20141211,116.25,115.36,113.13,111.82,113.19,112.57
20141212,115.36,113.13,111.82,113.19,112.57,110.72
20141215,113.13,111.82,113.19,112.57,110.72,108.97
20141216,111.82,113.19,112.57,110.72,108.97,108.21
20141217,113.19,112.57,110.72,108.97,108.21,108.33
20141218,112.57,110.72,108.97,108.21,108.33,111.66
20141219,110.72,108.97,108.21,108.33,111.66,112.45
20141222,108.97,108.21,108.33,111.66,112.45,112.73
20141223,108.21,108.33,111.66,112.45,112.73,112.89
20141224,108.33,111.66,112.45,112.73,112.89,112.36
20141226,111.66,112.45,112.73,112.89,112.36,113.27
20141229,112.45,112.73,112.89,112.36,113.27,114.23
20141230,112.73,112.89,112.36,113.27,114.23,113.02
20141231,112.89,112.36,113.27,114.23,113.02,111.67
20150102,112.36,113.27,114.23,113.02,111.67,109.39
20150105,113.27,114.23,113.02,111.67,109.39,107.03
20150106,114.23,113.02,111.67,109.39,107.03,106.03
20150107,113.02,111.67,109.39,107.03,106.03,107.45
20150108,111.67,109.39,107.03,106.03,107.45,110.43
20150109,109.39,107.03,106.03,107.45,110.43,111.73
20150112,107.03,106.03,107.45,110.43,111.73,110.72
20150113,106.03,107.45,110.43,111.73,110.72,110.85
20150114,107.45,110.43,111.73,110.72,110.85,109.50
20150115,110.43,111.73,110.72,110.85,109.50,108.36
20150116,111.73,110.72,110.85,109.50,108.36,106.39
20150120,110.72,110.85,109.50,108.36,106.39,107.73
20150121,110.85,109.50,108.36,106.39,107.73,109.66
20150122,109.50,108.36,106.39,107.73,109.66,111.09
20150123,108.36,106.39,107.73,109.66,111.09,112.64
20150126,106.39,107.73,109.66,111.09,112.64,113.58
20150127,107.73,109.66,111.09,112.64,113.58,110.75
20150128,109.66,111.09,112.64,113.58,110.75,116.72
20150129,111.09,112.64,113.58,110.75,116.72,117.38
20150130,112.64,113.58,110.75,116.72,117.38,118.42
20150202,113.58,110.75,116.72,117.38,118.42,117.62
20150203,110.75,116.72,117.38,118.42,117.62,118.35
20150204,116.72,117.38,118.42,117.62,118.35,119.41
20150205,117.38,118.42,117.62,118.35,119.41,119.74
20150206,118.42,117.62,118.35,119.41,119.74,119.35
20150209,117.62,118.35,119.41,119.74,119.35,119.14
20150210,118.35,119.41,119.74,119.35,119.14,121.16
20150211,119.41,119.74,119.35,119.14,121.16,123.71
20150212,119.74,119.35,119.14,121.16,123.71,126.53
20150213,119.35,119.14,121.16,123.71,126.53,126.47
20150217,119.14,121.16,123.71,126.53,126.47,127.90
20150218,121.16,123.71,126.53,126.47,127.90,128.12
20150219,123.71,126.53,126.47,127.90,128.12,128.68
20150220,126.53,126.47,127.90,128.12,128.68,128.78
20150223,126.47,127.90,128.12,128.68,128.78,131.33
20150224,127.90,128.12,128.68,128.78,131.33,132.38
20150225,128.12,128.68,128.78,131.33,132.38,129.88
20150226,128.68,128.78,131.33,132.38,129.88,128.74
20150227,128.78,131.33,132.38,129.88,128.74,129.41
20150302,131.33,132.38,129.88,128.74,129.41,129.29
20150303,132.38,129.88,128.74,129.41,129.29,128.81
20150304,129.88,128.74,129.41,129.29,128.81,128.94
20150305,128.74,129.41,129.29,128.81,128.94,127.25
20150306,129.41,129.29,128.81,128.94,127.25,127.81
20150309,129.29,128.81,128.94,127.25,127.81,127.31
20150310,128.81,128.94,127.25,127.81,127.31,125.51
20150311,128.94,127.25,127.81,127.31,125.51,123.44
20150312,127.25,127.81,127.31,125.51,123.44,123.27
20150313,127.81,127.31,125.51,123.44,123.27,123.99
20150316,127.31,125.51,123.44,123.27,123.99,123.91
20150317,125.51,123.44,123.27,123.99,123.91,126.48
20150318,123.44,123.27,123.99,123.91,126.48,127.77
20150319,123.27,123.99,123.91,126.48,127.77,128.32
20150320,123.99,123.91,126.48,127.77,128.32,126.78
20150323,123.91,126.48,127.77,128.32,126.78,127.19
20150324,126.48,127.77,128.32,126.78,127.19,127.30
20150325,127.77,128.32,126.78,127.19,127.30,125.10
20150326,128.32,126.78,127.19,127.30,125.10,123.74
20150327,126.78,127.19,127.30,125.10,123.74,123.81
20150330,127.19,127.30,125.10,123.74,123.81,125.20
20150331,127.30,125.10,123.74,123.81,125.20,125.42
20150401,125.10,123.74,123.81,125.20,125.42,124.11
20150402,123.74,123.81,125.20,125.42,124.11,124.88
20150406,123.81,125.20,125.42,124.11,124.88,125.92
20150407,125.20,125.42,124.11,124.88,125.92,127.05
20150408,125.42,124.11,124.88,125.92,127.05,125.69
20150409,124.11,124.88,125.92,127.05,125.69,125.62
20150410,124.88,125.92,127.05,125.69,125.62,126.23
20150413,125.92,127.05,125.69,125.62,126.23,127.59
20150414,127.05,125.69,125.62,126.23,127.59,126.60
20150415,125.69,125.62,126.23,127.59,126.60,126.57
20150416,125.62,126.23,127.59,126.60,126.57,126.60
20150417,126.23,127.59,126.60,126.57,126.60,125.30
20150420,127.59,126.60,126.57,126.60,125.30,126.65
20150421,126.60,126.57,126.60,125.30,126.65,127.44
20150422,126.57,126.60,125.30,126.65,127.44,127.59
20150423,126.60,125.30,126.65,127.44,127.59,129.28
20150424,125.30,126.65,127.44,127.59,129.28,129.93
20150427,126.65,127.44,127.59,129.28,129.93,132.14
20150428,127.44,127.59,129.28,129.93,132.14,132.06
20150429,127.59,129.28,129.93,132.14,132.06,129.94
20150430,129.28,129.93,132.14,132.06,129.94,126.23
20150501,129.93,132.14,132.06,129.94,126.23,127.72
20150504,132.14,132.06,129.94,126.23,127.72,129.41
20150505,132.06,129.94,126.23,127.72,129.41,127.11
20150506,129.94,126.23,127.72,129.41,127.11,125.06
20150507,126.23,127.72,129.41,127.11,125.06,125.05
20150508,127.72,129.41,127.11,125.06,125.05,126.87
20150511,129.41,127.11,125.06,125.05,126.87,126.59
20150512,127.11,125.06,125.05,126.87,126.59,125.85
20150513,125.06,125.05,126.87,126.59,125.85,126.53
20150514,125.05,126.87,126.59,125.85,126.53,128.06
20150515,126.87,126.59,125.85,126.53,128.06,128.85
20150518,126.59,125.85,126.53,128.06,128.85,129.54
20150519,125.85,126.53,128.06,128.85,129.54,130.26
20150520,126.53,128.06,128.85,129.54,130.26,130.16
20150521,128.06,128.85,129.54,130.26,130.16,130.73
20150522,128.85,129.54,130.26,130.16,130.73,132.19
20150526,129.54,130.26,130.16,130.73,132.19,131.01
20150527,130.26,130.16,130.73,132.19,131.01,131.16
20150528,130.16,130.73,132.19,131.01,131.16,131.52
20150529,130.73,132.19,131.01,131.16,131.52,130.68
20150601,132.19,131.01,131.16,131.52,130.68,130.72
20150602,131.01,131.16,131.52,130.68,130.72,129.99
20150603,131.16,131.52,130.68,130.72,129.99,130.42
20150604,131.52,130.68,130.72,129.99,130.42,129.75
20150605,130.68,130.72,129.99,130.42,129.75,129.03
20150608,130.72,129.99,130.42,129.75,129.03,128.02
20150609,129.99,130.42,129.75,129.03,128.02,126.85
20150610,130.42,129.75,129.03,128.02,126.85,128.59
20150611,129.75,129.03,128.02,126.85,128.59,129.33
20150612,129.03,128.02,126.85,128.59,129.33,127.72
20150615,128.02,126.85,128.59,129.33,127.72,126.47
20150616,126.85,128.59,129.33,127.72,126.47,127.11
20150617,128.59,129.33,127.72,126.47,127.11,127.31
20150618,129.33,127.72,126.47,127.11,127.31,127.77
20150619,127.72,126.47,127.11,127.31,127.77,127.11
20150622,126.47,127.11,127.31,127.77,127.11,127.57
20150623,127.11,127.31,127.77,127.11,127.57,127.24
20150624,127.31,127.77,127.11,127.57,127.24,128.46
20150625,127.77,127.11,127.57,127.24,128.46,128.35
20150626,127.11,127.57,127.24,128.46,128.35,127.25
20150629,127.57,127.24,128.46,128.35,127.25,125.47
20150630,127.24,128.46,128.35,127.25,125.47,125.49
20150701,128.46,128.35,127.25,125.47,125.49,126.47
20150702,128.35,127.25,125.47,125.49,126.47,126.23
20150706,127.25,125.47,125.49,126.47,126.23,125.54
20150707,125.47,125.49,126.47,126.23,125.54,124.96
20150708,125.49,126.47,126.23,125.54,124.96,123.59
20150709,126.47,126.23,125.54,124.96,123.59,121.64
20150710,126.23,125.54,124.96,123.59,121.64,122.53
20150713,125.54,124.96,123.59,121.64,122.53,125.04
20150714,124.96,123.59,121.64,122.53,125.04,125.71
20150715,123.59,121.64,122.53,125.04,125.71,126.37
20150716,121.64,122.53,125.04,125.71,126.37,127.96
20150717,122.53,125.04,125.71,126.37,127.96,128.97
20150720,125.04,125.71,126.37,127.96,128.97,131.83
20150721,125.71,126.37,127.96,128.97,131.83,131.62
20150722,126.37,127.96,128.97,131.83,131.62,123.75
20150723,127.96,128.97,131.83,131.62,123.75,126.08
20150724,128.97,131.83,131.62,123.75,126.08,124.82
20150727,131.83,131.62,123.75,126.08,124.82,122.87
20150728,131.62,123.75,126.08,124.82,122.87,123.23
20150729,123.75,126.08,124.82,122.87,123.23,122.88
20150730,126.08,124.82,122.87,123.23,122.88,122.14
20150731,124.82,122.87,123.23,122.88,122.14,121.78
20150803,122.87,123.23,122.88,122.14,121.78,120.04
20150804,123.23,122.88,122.14,121.78,120.04,115.47
20150805,122.88,122.14,121.78,120.04,115.47,114.77
20150806,122.14,121.78,120.04,115.47,114.77,115.31
20150807,121.78,120.04,115.47,114.77,115.31,115.38
20150810,120.04,115.47,114.77,115.31,115.38,118.26
20150811,115.47,114.77,115.31,115.38,118.26,115.75
20150812,114.77,115.31,115.38,118.26,115.75,112.53
20150813,115.31,115.38,118.26,115.75,112.53,115.47
20150814,115.38,118.26,115.75,112.53,115.47,115.16
20150817,118.26,115.75,112.53,115.47,115.16,116.58
20150818,115.75,112.53,115.47,115.16,116.58,116.72
20150819,112.53,115.47,115.16,116.58,116.72,115.60
20150820,115.47,115.16,116.58,116.72,115.60,112.99
20150821,115.16,116.58,116.72,115.60,112.99,108.77
20150824,116.58,116.72,115.60,112.99,108.77,100.40
20150825,116.72,115.60,112.99,108.77,100.40,107.31
20150826,115.60,112.99,108.77,100.40,107.31,107.47
20150827,112.99,108.77,100.40,107.31,107.47,111.63
20150828,108.77,100.40,107.31,107.47,111.63,112.43
20150831,100.40,107.31,107.47,111.63,112.43,113.27
20150901,107.31,107.47,111.63,112.43,113.27,109.62
20150902,107.47,111.63,112.43,113.27,109.62,110.74
20150903,111.63,112.43,113.27,109.62,110.74,111.41
20150904,112.43,113.27,109.62,110.74,111.41,109.48
20150908,113.27,109.62,110.74,111.41,109.48,111.44
20150909,109.62,110.74,111.41,109.48,111.44,111.89
20150910,110.74,111.41,109.48,111.44,111.89,111.59
20150911,111.41,109.48,111.44,111.89,111.59,112.98
20150914,109.48,111.44,111.89,111.59,112.98,115.88
20150915,111.44,111.89,111.59,112.98,115.88,115.47
20150916,111.89,111.59,112.98,115.88,115.47,115.99
20150917,111.59,112.98,115.88,115.47,115.99,115.10
20150918,112.98,115.88,115.47,115.99,115.10,113.09
20150921,115.88,115.47,115.99,115.10,113.09,114.52
20150922,115.47,115.99,115.10,113.09,114.52,113.35
20150923,115.99,115.10,113.09,114.52,113.35,114.01
20150924,115.10,113.09,114.52,113.35,114.01,113.94
20150925,113.09,114.52,113.35,114.01,113.94,115.35
20150928,114.52,113.35,114.01,113.94,115.35,113.50
20150929,113.35,114.01,113.94,115.35,113.50,110.69
20150930,114.01,113.94,115.35,113.50,110.69,110.14
20151001,113.94,115.35,113.50,110.69,110.14,108.47
20151002,115.35,113.50,110.69,110.14,108.47,109.28
20151005,113.50,110.69,110.14,108.47,109.28,110.22
20151006,110.69,110.14,108.47,109.28,110.22,110.75
20151007,110.14,108.47,109.28,110.22,110.75,110.59
20151008,108.47,109.28,110.22,110.75,110.59,109.20
20151009,109.28,110.22,110.75,110.59,109.20,110.88
20151012,110.22,110.75,110.59,109.20,110.88,112.09
20151013,110.75,110.59,109.20,110.88,112.09,111.56
20151014,110.59,109.20,110.88,112.09,111.56,110.54
20151015,109.20,110.88,112.09,111.56,110.54,111.29
20151016,110.88,112.09,111.56,110.54,111.29,111.27
20151019,112.09,111.56,110.54,111.29,111.27,110.93
20151020,111.56,110.54,111.29,111.27,110.93,112.50
20151021,110.54,111.29,111.27,110.93,112.50,114.64
20151022,111.29,111.27,110.93,112.50,114.64,114.80
20151023,111.27,110.93,112.50,114.64,114.80,117.78
20151026,110.93,112.50,114.64,114.80,117.78,116.53
20151027,112.50,114.64,114.80,117.78,116.53,115.27
20151028,114.64,114.80,117.78,116.53,115.27,117.68
20151029,114.80,117.78,116.53,115.27,117.68,119.48
20151030,117.78,116.53,115.27,117.68,119.48,120.34
20151102,116.53,115.27,117.68,119.48,120.34,120.48
20151103,115.27,117.68,119.48,120.34,120.48,122.09
20151104,117.68,119.48,120.34,120.48,122.09,122.72
20151105,119.48,120.34,120.48,122.09,122.72,121.44
20151106,120.34,120.48,122.09,122.72,121.44,121.22
20151109,120.48,122.09,122.72,121.44,121.22,120.93
20151110,122.09,122.72,121.44,121.22,120.93,117.07
20151111,122.72,121.44,121.22,120.93,117.07,116.31
20151112,121.44,121.22,120.93,117.07,116.31,116.23
20151113,121.22,120.93,117.07,116.31,116.23,113.92
20151116,120.93,117.07,116.31,116.23,113.92,112.62
20151117,117.07,116.31,116.23,113.92,112.62,114.19
20151118,116.31,116.23,113.92,112.62,114.19,116.50
20151119,116.23,113.92,112.62,114.19,116.50,118.25
20151120,113.92,112.62,114.19,116.50,118.25,119.38
20151123,112.62,114.19,116.50,118.25,119.38,118.53
20151124,114.19,116.50,118.25,119.38,118.53,118.23
20151125,116.50,118.25,119.38,118.53,118.23,118.58
20151127,118.25,119.38,118.53,118.23,118.58,118.00
20151130,119.38,118.53,118.23,118.58,118.00,118.58
20151201,118.53,118.23,118.58,118.00,118.58,117.84
20151202,118.23,118.58,118.00,118.58,117.84,117.09
20151203,118.58,118.00,118.58,117.84,117.09,115.50
20151204,118.00,118.58,117.84,117.09,115.50,117.18
20151207,118.58,117.84,117.09,115.50,117.18,118.84
20151208,117.84,117.09,115.50,117.18,118.84,117.73
20151209,117.09,115.50,117.18,118.84,117.73,116.38
20151210,115.50,117.18,118.84,117.73,116.38,116.22
20151211,117.18,118.84,117.73,116.38,116.22,114.12
20151214,118.84,117.73,116.38,116.22,114.12,111.24
20151215,117.73,116.38,116.22,114.12,111.24,111.57
20151216,116.38,116.22,114.12,111.24,111.57,110.39
20151217,116.22,114.12,111.24,111.57,110.39,110.62
20151218,114.12,111.24,111.57,110.39,110.62,107.66
20151221,111.24,111.57,110.39,110.62,107.66,106.47
20151222,111.57,110.39,110.62,107.66,106.47,107.09
20151223,110.39,110.62,107.66,106.47,107.09,108.03
20151224,110.62,107.66,106.47,107.09,108.03,108.47
20151228,107.66,106.47,107.09,108.03,108.47,106.94
20151229,106.47,107.09,108.03,108.47,106.94,108.15
20151230,107.09,108.03,108.47,106.94,108.15,107.94
20151231,108.03,108.47,106.94,108.15,107.94,105.92
20160104,108.47,106.94,108.15,107.94,105.92,103.68
20160105,106.94,108.15,107.94,105.92,103.68,104.13
20160106,108.15,107.94,105.92,103.68,104.13,101.12
20160107,107.94,105.92,103.68,104.13,101.12,98.28
20160108,105.92,103.68,104.13,101.12,98.28,97.94
20160111,103.68,104.13,101.12,98.28,97.94,98.20
20160112,104.13,101.12,98.28,97.94,98.20,99.76
20160113,101.12,98.28,97.94,98.20,99.76,99.25
20160114,98.28,97.94,98.20,99.76,99.25,98.11
20160115,97.94,98.20,99.76,99.25,98.11,96.53
20160119,98.20,99.76,99.25,98.11,96.53,97.08
20160120,99.76,99.25,98.11,96.53,97.08,95.80
20160121,99.25,98.11,96.53,97.08,95.80,96.41
20160122,98.11,96.53,97.08,95.80,96.41,99.91
20160125,96.53,97.08,95.80,96.41,99.91,100.37
20160126,97.08,95.80,96.41,99.91,100.37,99.47
20160127,95.80,96.41,99.91,100.37,99.47,94.98
20160128,96.41,99.91,100.37,99.47,94.98,93.45
20160129,99.91,100.37,99.47,94.98,93.45,95.84
20160201,100.37,99.47,94.98,93.45,95.84,96.06
20160202,99.47,94.98,93.45,95.84,96.06,95.16
20160203,94.98,93.45,95.84,96.06,95.16,95.46
20160204,93.45,95.84,96.06,95.16,95.46,96.26
20160205,95.84,96.06,95.16,95.46,96.26,95.31
20160208,96.06,95.16,95.46,96.26,95.31,94.37
20160209,95.16,95.46,96.26,95.31,94.37,94.94
20160210,95.46,96.26,95.31,94.37,94.94,95.22
20160211,96.26,95.31,94.37,94.94,95.22,93.66
20160212,95.31,94.37,94.94,95.22,93.66,93.75
20160216,94.37,94.94,95.22,93.66,93.75,95.73
20160217,94.94,95.22,93.66,93.75,95.73,97.18
20160218,95.22,93.66,93.75,95.73,97.18,97.49
20160219,93.66,93.75,95.73,97.18,97.49,96.28
20160222,93.75,95.73,97.18,97.49,96.28,96.41
20160223,95.73,97.18,97.49,96.28,96.41,95.53
20160224,97.18,97.49,96.28,96.41,95.53,94.85
20160225,97.49,96.28,96.41,95.53,94.85,96.00
20160226,96.28,96.41,95.53,94.85,96.00,97.30
20160229,96.41,95.53,94.85,96.00,97.30,97.44
20160301,95.53,94.85,96.00,97.30,97.44,99.09
20160302,94.85,96.00,97.30,97.44,99.09,100.27
20160303,96.00,97.30,97.44,99.09,100.27,101.08
20160304,97.30,97.44,99.09,100.27,101.08,102.56
20160307,97.44,99.09,100.27,101.08,102.56,101.89
20160308,99.09,100.27,101.08,102.56,101.89,101.08
20160309,100.27,101.08,102.56,101.89,101.08,100.92
20160310,101.08,102.56,101.89,101.08,100.92,101.19
20160311,102.56,101.89,101.08,100.92,101.19,101.89
20160314,101.89,101.08,100.92,101.19,101.89,102.34
20160315,101.08,100.92,101.19,101.89,102.34,104.52
20160316,100.92,101.19,101.89,102.34,104.52,105.45
20160317,101.19,101.89,102.34,104.52,105.45,105.72
20160318,101.89,102.34,104.52,105.45,105.72,105.84
20160321,102.34,104.52,105.45,105.72,105.84,106.40
20160322,104.52,105.45,105.72,105.84,106.40,106.25
20160323,105.45,105.72,105.84,106.40,106.25,106.48
20160324,105.72,105.84,106.40,106.25,106.48,105.57
20160328,105.84,106.40,106.25,106.48,105.57,105.62
20160329,106.40,106.25,106.48,105.57,105.62,106.34
20160330,106.25,106.48,105.57,105.62,106.34,109.51
20160331,106.48,105.57,105.62,106.34,109.51,109.39
20160401,105.57,105.62,106.34,109.51,109.39,109.10
20160404,105.62,106.34,109.51,109.39,109.10,111.23
20160405,106.34,109.51,109.39,109.10,111.23,110.08
20160406,109.51,109.39,109.10,111.23,110.08,110.09
20160407,109.39,109.10,111.23,110.08,110.09,109.27
20160408,109.10,111.23,110.08,110.09,109.27,108.97
20160411,111.23,110.08,110.09,109.27,108.97,109.72
20160412,110.08,110.09,109.27,108.97,109.72,109.58
20160413,110.09,109.27,108.97,109.72,109.58,111.57
20160414,109.27,108.97,109.72,109.58,111.57,111.86
20160415,108.97,109.72,109.58,111.57,111.86,111.02
20160418,109.72,109.58,111.57,111.86,111.02,107.94
20160419,109.58,111.57,111.86,111.02,107.94,107.12
20160420,111.57,111.86,111.02,107.94,107.12,107.08
20160421,111.86,111.02,107.94,107.12,107.08,106.22
20160422,111.02,107.94,107.12,107.08,106.22,105.55
20160425,107.94,107.12,107.08,106.22,105.55,105.08
20160426,107.12,107.08,106.22,105.55,105.08,104.60
20160427,107.08,106.22,105.55,105.08,104.60,97.19
20160428,106.22,105.55,105.08,104.60,97.19,96.06
20160429,105.55,105.08,104.60,97.19,96.06,93.62
20160502,105.08,104.60,97.19,96.06,93.62,93.24
20160503,104.60,97.19,96.06,93.62,93.24,94.71
20160504,97.19,96.06,93.62,93.24,94.71,94.86
20160505,96.06,93.62,93.24,94.71,94.86,93.38
20160506,93.62,93.24,94.71,94.86,93.38,92.65
20160509,93.24,94.71,94.86,93.38,92.65,93.18
20160510,94.71,94.86,93.38,92.65,93.18,92.84
20160511,94.86,93.38,92.65,93.18,92.84,93.01
20160512,93.38,92.65,93.18,92.84,93.01,91.12
20160513,92.65,93.18,92.84,93.01,91.12,90.84
20160516,93.18,92.84,93.01,91.12,90.84,93.02
20160517,92.84,93.01,91.12,90.84,93.02,93.86
20160518,93.01,91.12,90.84,93.02,93.86,94.55
20160519,91.12,90.84,93.02,93.86,94.55,94.10
20160520,90.84,93.02,93.86,94.55,94.10,94.97
20160523,93.02,93.86,94.55,94.10,94.97,96.43
20160524,93.86,94.55,94.10,94.97,96.43,97.47
20160525,94.55,94.10,94.97,96.43,97.47,98.92
20160526,94.10,94.97,96.43,97.47,98.92,99.69
20160527,94.97,96.43,97.47,98.92,99.69,99.86
20160531,96.43,97.47,98.92,99.69,99.86,99.61
20160601,97.47,98.92,99.69,99.86,99.61,98.94
20160602,98.92,99.69,99.86,99.61,98.94,97.23
20160603,99.69,99.86,99.61,98.94,97.23,97.86
20160606,99.86,99.61,98.94,97.23,97.86,99.72
20160607,99.61,98.94,97.23,97.86,99.72,99.41
20160608,98.94,97.23,97.86,99.72,99.41,99.12